   75,   150,   225,   300,   375,    75,   150,   225,   300,   375,    75,   150,   225,   300,   375,    75,   150,   225,   300,   375,    75,   150,   225,   300,   375, 
   75,   150,   225,   300,   375,    75,   150,   225,   300,   375,    75,   150,   225,   300,   375,    75,   150,   225,   300,   375,    75,   150,   225,   300,   375, 
   75,   150,   225,   300,   375,    75,   150,   225,   300,   375,    75,   150,   225,   300,   375,    75,   150,   225,   300,   375,    75,   150,   225,   300,   375, 
   75,   150,   225,   300,   375,    75,   150,   225,   300,   375,    75,   150,   225,   300,   375,    75,   150,   225,   300,   375,    75,   150,   225,   300,   375, 
   75,   150,   225,   300,   375,    75,   150,   225,   300,   375,    75,   150,   225,   300,   375,    75,   150,   225,   300,   375,    75,   150,   225,   300,   375, 
   75,   150,   225,   300,   375,    75,   150,   225,   300,   375,    75,   150,   225,   300,   375,    75,   150,   225,   300,   375,    75,   150,   225,   300,   375, 
   75,   150,   225,   300,   375,    75,   150,   225,   300,   375,    75,   150,   225,   300,   375,    75,   150,   225,   300,   375,    75,   150,   225,   300,   375, 
   75,   150,   225,   300,   375,    75,   150,   225,   300,   375,    75,   150,   225,   300,   375,    75,   150,   225,   300,   375,    75,   150,   225,   300,   375, 
   75,   150,   225,   300,   375,    75,   150,   225,   300,   375,    75,   150,   225,   300,   375,    75,   150,   225,   300,   375,    75,   150,   225,   300,   375, 
   75,   150,   225,   300,   375,    75,   150,   225,   300,   375,    75,   150,   225,   300,   375,    75,   150,   225,   300,   375,    75,   150,   225,   300,   375, 
   75,   150,   225,   300,   375,    75,   150,   225,   300,   375,    75,   150,   225,   300,   375,    75,   150,   225,   300,   375,    75,   150,   225,   300,   375, 
   75,   150,   225,   300,   375,    75,   150,   225,   300,   375,    75,   150,   225,   300,   375,    75,   150,   225,   300,   375,    75,   150,   225,   300,   375, 
   75,   150,   225,   300,   375,    75,   150,   225,   300,   375,    75,   150,   225,   300,   375,    75,   150,   225,   300,   375,    75,   150,   225,   300,   375, 
   75,   150,   225,   300,   375,    75,   150,   225,   300,   375,    75,   150,   225,   300,   375,    75,   150,   225,   300,   375,    75,   150,   225,   300,   375, 
   75,   150,   225,   300,   375,    75,   150,   225,   300,   375,    75,   150,   225,   300,   375,    75,   150,   225,   300,   375,    75,   150,   225,   300,   375, 
   75,   150,   225,   300,   375,    75,   150,   225,   300,   375,    75,   150,   225,   300,   375,    75,   150,   225,   300,   375,    75,   150,   225,   300,   375, 
   75,   150,   225,   300,   375,    75,   150,   225,   300,   375,    75,   150,   225,   300,   375,    75,   150,   225,   300,   375,    75,   150,   225,   300,   375, 
   75,   150,   225,   300,   375,    75,   150,   225,   300,   375,    75,   150,   225,   300,   375,    75,   150,   225,   300,   375,    75,   150,   225,   300,   375, 
   75,   150,   225,   300,   375,    75,   150,   225,   300,   375,    75,   150,   225,   300,   375,    75,   150,   225,   300,   375,    75,   150,   225,   300,   375, 
   75,   150,   225,   300,   375,    75,   150,   225,   300,   375,    75,   150,   225,   300,   375,    75,   150,   225,   300,   375,    75,   150,   225,   300,   375, 
   75,   150,   225,   300,   375,    75,   150,   225,   300,   375,    75,   150,   225,   300,   375,    75,   150,   225,   300,   375,    75,   150,   225,   300,   375, 
   75,   150,   225,   300,   375,    75,   150,   225,   300,   375,    75,   150,   225,   300,   375,    75,   150,   225,   300,   375,    75,   150,   225,   300,   375, 
   75,   150,   225,   300,   375,    75,   150,   225,   300,   375,    75,   150,   225,   300,   375,    75,   150,   225,   300,   375,    75,   150,   225,   300,   375, 
   75,   150,   225,   300,   375,    75,   150,   225,   300,   375,    75,   150,   225,   300,   375,    75,   150,   225,   300,   375,    75,   150,   225,   300,   375, 
   75,   150,   225,   300,   375,    75,   150,   225,   300,   375,    75,   150,   225,   300,   375,    75,   150,   225,   300,   375,    75,   150,   225,   300,   375, 
